1.7904729333744505
2.1854461342960976
2.7860406561762816
4.17495353152476
4.220076427110619
4.194656197857598
5.375769020566147
7.3407385789895345
3.7475464356865436
5.252386225971779
9.780258026381846
7.827991683515465
2.1899780120521304
2.8718755531928863
3.2170035878772407
4.445873862809286
2.2010360259321207
2.2084421667726315
3.106562033477709
3.7453502768137956
2.815046854082083
3.3839537201044574
4.0945866345176425
5.176859191080924
2.212056807953775
3.462114190747778
4.272290337905121
5.798756736124979
7.716807374759077
10.006448315852056
8.142929625030161
8.70980166972783
1.5182537484955176
2.346131531961997
2.5958129376146344
3.8565096931932143
1.6336103021774906
2.216521321735145
2.920853336670585
3.9667237906548536
1.411448316643476
1.8071219471389053
2.509082906757654
3.5912215527488422
2.240409688426185
3.252401778175799
3.6564544428181565
3.7017836079382898
1.8105853279114417
2.2690339838565046
3.555668952747218
3.6677503466320753
3.126185944667161
3.1268008349233547
4.422280309418019
4.278269693342162
2.5007292565490884
2.9264857750514666
4.815359494800702
5.546709461480293
5.794680677392579
4.153441409007494
4.8722755304734395
5.326514852253147
1.9111296919259888
2.530427104142955
3.0513884009483028
4.330259806613469
1.2755316885340235
1.8195651087930167
2.787458663874184
3.5959434090509315
3.0476475069759204
4.407870601597611
5.590953272343558
5.554659448026634
3.3281741898665214
5.673605503438898
7.885848377398551
6.184361290489319
1.9209420435492752
3.100384408719512
3.6229000161288507
4.0766974246011
1.4752158691670698
3.265658717508996
3.866948711523587
4.702800366448491
1.9050524582931596
3.283608115592988
3.0092071146846777
3.83479273938964
1.6419837846440348
2.9419254990671337
3.654967658707539
5.093919520697659
2.4606875859215593
2.8075395085970567
5.249733186236935
4.921817599635505
8.744194046990051
9.067348659176515
6.213512552005111
8.42214791621
2.5961394801185187
4.409041413929131
3.573168240560218
4.989447681097635
2.0403227273813624
2.7409857329814846
3.824316401661573
4.489476816771254
3.3655077080875886
7.554594585063142
5.21169356869077
6.555137755018342
2.7284348087573944
3.158530794178383
3.0977809460124206
4.373662127327895
1.3565773318842793
2.4236460597859915
3.4382499670837596
3.2103745984803043
3.7075902907741165
5.654866163585577
7.77775530346854
7.9610421387989945
1.5109435151858088
2.649111256049805
3.8922983896089716
3.3381221803534378
3.757247621079881
8.598206997646919
7.627659337817911
7.086014906043019
2.493041878281366
3.4291481554490573
2.7652474566605054
5.0634679780631195
2.185718010630133
3.249903380009457
3.9804794188947668
5.152038242543397
1.5072627129686078
2.5210652749346445
3.8752527993545045
4.143425485892317
2.158942846969067
3.4892787587160448
3.761742750793624
3.657868944014269
2.188953532492471
4.140127099999611
3.145804509046583
4.810345400257696
3.551102765302238
2.676869537293454
3.9855038131108347
4.978349143056114
1.4414205094910688
2.263500615105013
3.40416070041706
3.8978244751155646
16.066374438711936
16.80360101259035
8.42260202372926
20.55353410066113
2.5005902815699703
3.203914503680714
2.9148981659788094
5.859167062894426
9.273107969113648
10.941576117057055
14.711592230120154
17.307624037375582
3.582964742071934
3.6075316694018995
3.5372067052011413
4.233293365590267
5.337620914778791
8.061236661345372
7.35583876211711
8.029543731051403
3.0234219859084743
4.020243550867788
3.9971800030056412
4.910678027355449
2.101337041789314
3.584484437081575
5.24256952008778
4.898025254179414
3.567625583502228
5.118855454989355
5.574571256999295
6.667531332596555
3.9662546385973636
4.497838709184127
6.076918047775569
6.754189615030995
1.9887691151163154
2.79337126839257
3.558992832731536
3.446767442526293
2.047592041104868
2.6606120151379735
3.6864026008551245
4.464067749030336
1.7028090618690896
2.26178345431789
3.2352978851237038
4.792041193504026
3.4082365120159994
4.222490319427342
5.046789866880175
4.398844908348851
4.955017726811515
4.462793553476598
5.268579120462175
6.212255996242076
2.2027254938738476
2.2937819539173705
3.2938076549746556
3.8897365831504422
1.834809314251199
2.2414324862012753
2.8855299751596304
4.853197496852355
3.434612024329232
4.790030008075291
4.654864428252584
7.2812921354285844
3.197612087413273
5.9529624383771385
4.787726815570189
5.821776674893912
2.5563512478282724
3.806588126443624
4.511149591233072
4.984200167981497
2.037667689283024
5.074405280795588
6.639190865404404
5.373239995874135
2.037667689283024
5.074405280795588
6.639190865404404
5.373239995874135
2.037667689283024
5.074405280795588
6.639190865404404
5.373239995874135
2.037667689283024
5.074405280795588
6.639190865404404
5.373239995874135
2.1336400926958277
5.243294142013982
4.696786476063213
5.571126112755768
2.9170801223585148
2.439521589596385
6.658627711116955
5.768970108304651
1.5446328347230196
5.962681328978962
8.331542285599317
8.146908937237066
1.9864455152945169
2.730497870691462
4.753556162615699
4.160371112473603
2.361964780992391
5.030077439072898
6.548184944310997
9.100865348746876
4.78973637216148
4.6722181407994015
4.526408513919614
4.880883591093587
2.7399600641216932
4.239243860693675
6.522180219260897
11.077127755996294
4.407708951382305
3.239685640127105
10.374224784189506
7.638349801285997
12.168926745145933
7.154585263672708
8.450519617800996
4.8362333629303045
3.9729146095620913
14.245081049127004
6.537169126140301
8.710252993563996
4.4435757834744765
11.309262610221035
8.747322953444833
15.009794163447907
6.454672540609854
10.583110087899083
25.20908539190648
15.780492832268735
2.503181218981489
3.355791454594211
3.4744150270093845
5.457729502635447
2.5241599106511043
3.643763834500265
3.729506802915725
4.266369019596429
3.9053326068268714
5.234822664561725
6.833918430632819
10.761781622462491
2.772752193890439
4.916234433202385
7.523739556732604
9.744488853731415
5.340766961429281
10.1005428505965
13.394839441850001
16.8561537615876
6.317920760463904
9.86121265579925
12.533077602578848
28.091155765131116
8.919864583782605
14.927307020425593
19.34053787843761
23.930103827315104
