
5.089149063819947
4.734931613206206
10.936065279531105
6.183298841517768
11.004735598542325
7.733985060967842
5.720054870404907
10.491386607147026
3.0099222602725404
7.790512973016173
3.984669731168048
8.431863898715163
5.171744635315135
7.693998870479251
6.269938269794329
6.622484041003657
2.556237730666231
3.978609407181887
3.228369608275282
7.310626653512606
5.991149310123359
7.232672223023061
8.56096156180075
7.172796238088556
6.480410367293099
6.193317544961565
10.618426189202065
10.916221188363204
3.1806634728493566
6.491756423856361
6.2867867504000845
7.586308871908326
4.756741041198565
10.16565403398442
8.61037124610057
9.419731488922558
8.708326171821104
7.556147890583422
6.493289665639379
5.003208349175249
3.3572794937473973
6.219209376535315
5.19962571286751
5.893684410022276
2.2551498794301073
5.580748045463908
6.281092396657307
7.644788344690366
6.247271900418365
8.484956747300698
7.701656880786687
9.64889502646024
8.209372595838177
7.031666905896504
5.081267142971701
9.551821517610685
4.0000674178876245
7.779494946844912
7.898952870085441
8.114499171552641
3.722388882170489
8.485911960195791
7.307689954098653
6.91187556786884
3.217493477344478
4.164414049247928
3.4177101986330367
5.943766951682633
6.359783512064432
4.167804814321366
3.100272645884128
5.7094355468188
4.466943204330642
5.795517806664512
5.831961845296653
7.046692785000027
3.303412948107862
5.836438977079817
5.811819624890025
5.77018025742498
2.1212056027022963
3.7000532077108645
7.164971788902499
2.941686231311496
3.782822964820284
10.779708833580438
7.252648286738023
5.159638588069611
5.114210721663217
8.946390678864184
7.957240463042849
6.048185978420838
4.967471219365115
3.3551913534486864
6.658967892274834
8.03055046589991
6.3244495597927
6.731419198910038
9.028847385910685
4.829069817062221
4.019881492654322
7.296764562378072
9.104584575478817
7.92922736380265
3.2321200898710933
3.1172725753497965
3.6229015170415093
7.157656707022676
5.370970524852263
7.52200924289596
4.080782287577401
4.83462037040846
8.451521178286281
7.1383075675402345
6.472088192279167
4.727838296685047
3.2400031465678
8.80326086844271
4.121716689626353
3.44024154637605
3.062326862248535
7.125712278292037
4.820754235691633
6.05123387610758
5.367355989869374
6.909947386215119
9.555464943836572
4.456015827019634
1.7850351316712827
5.740072225686386
8.475668284261575
6.931900752529751
6.700050397664347
8.902511532988251
4.949629598357697
6.090674402780008
1.7834077528428198
3.1404830679454667
3.425743098202433
5.960085692031139
7.821037166396593
5.223679014704083
8.0545521793671
4.149248969705697
2.641178296338732
4.860988397168347
5.465320122067807
4.058964715167579
4.4294633932250065
4.442664057093252
2.6520782044560924
4.586590070676146
5.396613521402798
9.440063228219923
8.564650491436126
8.30241252598317
4.066422752468712
7.615315842307252
5.127850999893095
7.590953864099957
3.778621656801135
5.4660649838433
5.7892004471749
7.024832895795919
6.703386295329663
10.39485904775245
8.28999779152665
6.901461073477013
7.880000599892529
7.509083693274162
11.089782339525435
4.792263287349131
3.225366415361613
6.461779291134577
8.653686835611081
4.5992513678878675
4.758301550713924
5.266590669338984
9.894570892852336
7.075898031411338
2.468514076870367
4.711465591437905
3.172054615518406
3.7716711874164526
6.0654039903299015
3.9693780625756467
5.073714240773998
8.33127466250772
6.905747060052211
9.514113867917779
8.5672542219583
6.625889688201627
7.91335463591216
13.977414527358174
5.5257357346241305
3.3876127480148512
5.19120651170029
7.360640844765076
7.283302505679217
5.920057956695612
3.974244776890717
5.641182447739166
7.1087063095382375
9.196106812212834
4.771411863793723
8.29963228092089
9.366634455007725
4.810485270020793
5.82541672147723
16.636077983661785
10.964778782113415
6.213342624155823
3.974876147167075
3.9819230207998713
5.645162672574797
7.251338960849731
5.45591578748188
10.32548391121434
7.587777567088047
4.1690661433750416
8.097213879350864
6.187727419458019
9.262532493538233
7.734406724630881
9.601726531551035
6.260872505238148
7.811283812058697
5.203842741248033
3.1313303936323273
9.087068954246845
5.7774857238541735
4.43410468413977
4.071391160888788
5.5366038253520315
4.500498577641014
4.073777867221095
8.024573667975297
9.182484152435553
7.696656640011892
5.777889560801941
3.3602229564558335
5.17680002671601
3.6180691961510534
7.22884653197522
2.052833237903231
4.587765888426607
6.341514299531945
4.832260126565258
7.7666554421200376
8.290574294707092
6.922077435438398
8.812563599617272
5.944888970748346
3.5522946591494566
7.332765032162113
4.842032696518487
5.246190339133347
7.152056393631936
6.857051460754073
6.10584086727482
10.564742129700532
13.007087774452499
4.817656437632821
6.072293723391056
7.223010278126994
5.684751577942649
4.414490531540123
7.39742819786477
5.339632331112692
5.587420418169129
6.510262665554959
8.713578807178928
9.83525344197724
8.58835049714418
9.74859978468391
8.813455318317722
2.458590213028664
2.808359133218598
3.807291102593197
4.201474677656229
3.554900213159587
6.460374374419344
3.6150857149417677
6.890715638798521
6.539280364369454
7.256856597976697
4.990184568410299
9.349107302011113
10.58868121110677
13.860615449532663
10.433608446269751
5.214379763230025
2.428055408357246
3.0982248452202272
5.599635978419584
9.134156788708903
5.4792312700640124
6.272984079468765
9.505993457504053
4.650306568672268
12.08908977250602
18.8448580485993
11.532409569504406
8.099601936266398
3.5135279822040193
8.165886255627454
4.6048434946757
7.024136778348887
3.2107642190124763
6.209824598240813
4.50344389070725
7.119136452576183
6.006164304647237
6.152862506109959
6.468366137209591
4.131501162551216
3.649135270570726
6.4840386071293095
9.131420580527596
5.5394747850301815
5.517349002914483
5.54920599977728
4.231348559875816
5.68488598687375
2.6280009052973634
5.069099397621047
8.219232974702173
6.804372697359018
4.547900700843589
4.062908834821789
6.108203059975685
5.431083917139239
6.795780889626111
4.761941282952552
6.550298688785778
7.165682387868235
7.931754104903655
9.657897562043903
12.671295879978043
6.033088727900259
3.2453244877091505
5.459768986324074
5.848499357116302
5.617463994533551
3.478397338958367
3.937836331213759
4.223499861962245
4.252984606230756
4.310907472188877
5.685916339099939
5.312125385543922
6.244173929560465
4.7679650258022805
3.9227972377200193
11.603121720813851
7.572506054038083
2.889259753828047
3.512152013435983
4.731480023377195
5.5135265193379155
7.363415166035867
6.395144676700294
9.101885963911363
5.319279579443864
6.883422272014106
6.879248223838614
8.003084890359817
7.502915024476046
3.548209140527473
5.139081992727352
7.154692502645009
3.101842300154316
4.662439369600105
5.28906519442395
7.90057862828291
7.700427866317815
2.9100449294362445
6.295547508748256
7.072749318375156
7.582525345189021
4.511807423749495
5.264236582782729
6.391153309945924
4.38247049714271
4.559989143259321
7.249183266914749
9.05772782722109
11.539581858121604
7.255876672199232
8.332183536985227
7.3497700351001685
11.099668461540316
4.061785542692781
6.892446947771111
6.6553181107804305
4.531797577341852
4.23426882119676
7.31059528954096
4.833163655437901
4.79778001316633
5.288602525365405
7.968014173426665
6.156224010197552
7.078697115572795
5.960034955136331
3.491346716388176
7.11788049638381
6.049709823042232
8.645010551496366
11.97313428829372
9.915158635655395
9.546830400156578
5.126091801259648
10.317298885164796
4.633289553139806
7.924705365854534
2.100443227258028
4.102396500660368
8.683835510371745
9.630606018807907
7.325376000046557
9.898639989602493
13.164310789836634
4.105478876633292
6.028502253460744
11.504688603110166
11.17405271112754
7.13828006053913
5.779288011753957
5.634711061850752
8.095236512732594
6.892651182454935
4.441668038389929
7.116631107009518
7.986948244542497
5.837692547021051
1.936741814906346
4.181521856059392
2.5318772193734898
6.823207404427697
6.5543878698490055
6.019947884029689
5.616079431912316
8.00715166120595
6.958675800756803
4.845303834217828
4.280747355117511
5.894692884283771
6.052560261006473
6.04919536085722
7.954046760485777
7.357860239891754
8.712089319564274
9.295355055598161
13.254470226309973
3.459197776163862
3.7009715832730703
6.971546987396659
6.1060312759350355
7.277317606060252
3.7834140343153924
4.786375228259652
3.692715817043973
7.028704138450709
6.495471093197437
8.90605056886289
5.855154138928572
7.463335214987268
4.094690912282345
4.8630479382422465
8.441188330115265
5.857582461507539
2.8130795527920465
8.18278389875053
8.252564990106661
5.999087980773991
7.0261085728406405
10.465824164056487
10.39945189567876
11.815647357750999
4.3263557199499285
11.254129978514623
8.026069353473806
7.82728304564422
6.209942836694065
10.122042785718195
6.312556787112853
5.429409549254779
3.066774321113187
5.625067039891232
5.468992579924473
6.419783947853372
8.507562903051005
6.3216596148413275
11.423776522227092
6.48595705358715
10.510599864285828
12.895217711298088
7.340220314386073
4.039526341732112
3.9946181831153473
5.254615699521297
7.855272572399665
11.316558917889877
4.397171275520523
4.977193879230214
4.012662266381394
7.082649674255947
6.799529092108981
12.915021736512852
7.951122538570587
5.430394217178819
5.301711465271692
4.749393579847204
5.648587553182201
10.248754690406196
6.504888235065072
4.581383830808529
7.342533836241884
8.396671156868495
8.622095092428555
6.261858825923378
10.955284370978124
6.666158839816808
6.854978560944072
7.858398363770631
5.3901599290466065
5.991428848375893
3.1385623857849456
4.248543763555842
5.595135613385943
6.611825681642487
5.0254832864270345
5.364251157594753
6.406216241979375
6.976496260621157
3.328734901055068
4.729550425814191
5.012591740184054
7.054734183018468
6.415746179944167
5.622321287741793
9.387547976636679
5.3879306729099525
10.666362290520018
11.044811210174277
11.010802525833054
5.669673351960381
4.530561974036387
7.038992145993368
4.1522877584782885
8.49304008481346
8.06523720245492
11.657493555190118
6.4987950214761865
8.6243766656415
3.943137156618432
6.105806997049628
10.171464138093574
8.148371530640018
3.104349475381712
7.126822398379454
7.353917374268318
8.904232353606973
7.364044650586767
9.37081719847941
6.81894210371064
6.759893253815626
3.7791309377317246
2.8110574012096468
4.910673455446232
7.602489674303472
5.210467494046559
6.862561731510352
6.371162088888312
7.096084815449235
10.60567612365494
8.953667886259712
6.8000323293110165
7.7215386481908235
8.928345680742208
10.000602772462624
9.15639026312958
6.25550009038329
10.512675715183422
14.82083493739428
11.389318512795969
6.64379022963687
7.189914581818638
6.81312811226212
10.291579185540622
10.03872291732713
10.654934347743989
8.933969599918612
7.612996938624339
12.085983576452312
7.735494887144434
8.203897504808907
9.033378255719589
6.74160642023919
2.7446817128523753
6.689026241607083
5.105097315583339
8.87620129029583
3.7526717902390607
5.1299252100201
4.764061539557773
7.848652210164512
6.197439864554445
8.837505139330354
10.765552222705729
8.570406627212774
2.4438600803291477
5.39470572887896
4.403348995051158
5.635175031785584
2.433272514560062
11.911805514473112
12.29457397436138
8.014913877391901
6.237072748697249
9.065528301297201
4.574957909682967
5.189497975947141
5.932983078463565
6.7295268697506465
9.422874830492596
5.724893881798548
7.0460237737151665
9.424262869895188
6.38628080425809
4.332623180364255
5.886203920056215
5.68007306237189
9.25740603034742
3.166044038064193
4.278053619237726
5.430457297244777
8.706620791083829
7.5616846938484485
3.9300168922408374
12.051362560197138
8.297965728892287
11.26819811832202
4.533331211296696
7.151930340237024
8.123155569117834
6.168275668357172
10.524947424456386
9.632746609250848
5.948420404683811
5.217682978943958
10.496781213317783
9.427740434634352
8.314426488980997
7.011684187972892
4.55285954740337
5.3728817839613345
5.629431119107011
7.773544742458601
6.187519531859719
6.359862557163288
5.526429156956432
5.938727287402028
11.305517241575464
11.535750872259522
10.219121804074387
6.336274710662519
5.016028989577982
5.469187648437881
5.555530958832173
7.444631873498527
3.721128414157662
6.976447602458015
8.046140750677477
5.276733360408725
5.940213028514458
5.112446522724877
5.73185023487402
5.303093559389358
7.197619582968953
6.556839860265691
5.652712187787857
7.561107991423325
6.573824150065069
7.858724877199852
5.729881107902619
7.249848821317375
6.007960021876956
6.807395904757973
7.734508112076421
9.445947535902668
4.6956926625842845
5.78061599627393
5.6446616235675835
5.92981817386892
5.968611379170642
5.938305676565035
7.490708704762
9.91865137591233
5.045425509145006
5.2053844296225105
7.181073684746754
6.291208751002758
5.681773854357261
6.64780129963245
4.806802911850589
5.662753077941239
6.058317854959421
6.4811152991421315
8.511151443462255
4.942389540504095
5.38060819259187
5.123068953288888
4.926829699655915
7.780714054048467
6.34191555619286
6.629476505847039
5.353773047567212
4.275361905530107
14.140404237413213
13.38295567248368
11.18770043950376
6.0287277289690415
7.302501329176039
10.054821271995761
8.903319684739671
8.854260225125179
6.832854423831248
5.571509113284901
6.407910411986631
5.468782978742236
6.05769595992214
7.637870940028038
10.386995566409292
5.758215729204635
7.855220814865932
9.164530447982898
9.339945713760086
6.587755449858248
4.162480523428303
3.647680749018521
2.9289241652952485
7.969682746091497
10.94556533940031
6.7527929373987625
5.438057020416163
7.916655954292938
6.14864396954624
17.516917682436915
8.59913898776144
6.979935659142197
8.595905188411942
9.319777868504204
3.948079297081738
9.014818918074646
5.820644592009158
7.086590899303465
6.188438889252744
4.1436470682157776
6.606153759283811
8.137877991873578
5.495712072884674
4.933638087658942
3.4075086268105497
4.810887929082121
5.660517939266403
3.5803175367311386
5.341442766240714
7.0045577736427225
7.499126347965117
6.632898706793413
7.328318589871441
11.08568037155814
7.347891355016866
14.767703974199657
6.856639557125592
7.298057796283035
6.568201583998995
7.569233779581968
9.723282256771826
4.35372070476558
7.463352222324805
9.739283519328788
11.687800517672994
6.83180544144263
12.385628752694641
8.458955425395802
11.412413412665277
9.87551364319868
10.490117571399534
6.843746937633784
8.263368660813816
5.481628240731502
5.501384409983319
10.814526381519624
12.373398367592237
8.661442679229253
4.583147607745796
6.83701885062527
6.931841104649496
10.530473076584768
13.378300659524303
15.109946553409776
5.9002211336296
10.556915892849624
12.539302270502924
12.085572262210048
7.233692229698608
16.278341649048404
17.500093908950873
21.964416021760513
9.639473654498936
15.887752036780162
22.523086291108367
13.568463781767734
7.781226701709796
14.145565307258481
18.718251862827483
22.237550390189067
7.117999808455917
13.78067376170338
20.287100180555026
16.57125357326241
5.520348324236254
14.786809645208514
15.854523337180998
18.155111769391887
